600 800
117
8
145 341
147 336
151 334
157 332
161 330
169 327
176 324
182 323
9
149 335
155 332
163 330
172 327
178 324
185 320
193 317
199 314
208 313
5
173 323
180 320
190 317
212 311
226 306
6
205 316
206 316
217 313
237 309
270 300
283 298
6
224 308
230 307
237 305
255 302
279 302
288 303
5
245 307
257 306
274 304
305 304
322 304
4
289 298
301 298
320 298
341 296
5
301 296
309 296
324 297
349 301
365 306
5
337 300
340 300
355 301
371 305
385 308
5
348 300
351 300
367 304
395 310
417 316
5
377 307
381 307
396 310
413 317
425 322
5
401 305
402 305
411 312
425 320
437 327
5
414 315
416 315
429 321
452 330
463 338
5
440 326
445 328
463 338
478 349
484 354
5
450 335
458 337
473 348
483 359
486 368
4
463 342
477 354
493 371
497 380
4
483 355
487 358
499 377
502 391
5
485 363
488 367
495 384
501 400
501 409
5
493 386
495 391
493 412
491 425
488 431
4
499 402
496 412
486 432
479 445
4
415 480
420 478
443 468
474 458
3
464 460
473 455
488 442
5
461 459
463 459
469 456
478 447
487 437
5
327 498
333 497
346 493
368 490
389 482
5
348 496
353 496
369 493
396 485
421 477
5
381 494
382 494
390 494
402 491
416 486
5
230 490
234 491
244 495
266 501
287 504
5
279 500
291 500
316 502
343 502
355 498
5
298 501
304 501
320 501
341 499
351 496
5
271 498
278 498
288 501
315 501
340 499
6
291 509
298 507
308 506
334 504
375 496
390 494
5
170 466
170 472
178 473
188 477
198 480
5
166 464
169 464
187 474
210 489
235 493
5
179 475
182 479
196 486
222 494
243 499
5
189 481
202 486
230 494
258 500
282 502
4
109 366
112 363
120 356
131 348
4
109 364
115 357
128 346
147 334
5
132 339
134 338
145 333
163 326
187 316
5
156 326
160 322
169 319
188 312
208 305
5
189 314
194 311
206 306
235 299
261 294
5
237 298
240 298
254 296
280 294
311 292
4
280 297
284 297
305 297
328 298
5
316 298
319 298
342 298
374 303
388 306
5
333 302
347 302
380 306
403 312
411 317
4
377 311
385 312
412 320
434 327
5
344 305
351 305
380 309
414 318
425 323
4
108 392
108 384
114 376
123 368
4
132 351
128 351
119 363
108 387
5
121 362
120 362
113 366
107 375
103 389
5
117 366
116 366
109 370
103 375
102 382
0
4
106 383
104 386
102 397
102 411
5
101 392
101 394
101 407
102 420
108 426
4
97 406
105 414
110 426
122 437
4
100 416
101 421
104 435
113 447
4
99 427
101 427
110 440
126 454
6
113 433
111 433
115 441
133 458
155 466
170 473
5
129 447
127 452
133 461
154 473
172 479
4
118 436
117 434
130 446
151 468
5
125 444
126 448
146 462
175 471
189 477
4
164 461
185 472
207 479
223 480
4
193 479
199 482
220 488
238 491
5
210 484
213 484
233 492
263 496
284 498
4
252 492
259 492
282 492
305 494
5
267 496
269 496
288 496
313 496
336 494
4
281 504
282 504
299 506
318 504
4
290 507
293 507
318 503
365 492
4
392 492
395 490
408 488
416 485
4
405 490
409 490
424 484
449 472
5
423 484
425 481
436 475
454 463
467 454
4
435 478
442 477
458 469
478 456
4
443 472
446 471
459 462
471 451
4
400 487
406 483
423 475
459 455
5
449 465
450 465
461 458
476 448
491 434
4
471 453
473 448
483 436
496 421
5
475 444
480 440
485 433
490 421
497 403
4
487 428
490 425
498 415
501 407
4
473 455
478 454
486 447
494 429
4
483 445
484 442
489 431
496 415
5
491 430
492 427
497 419
500 403
499 387
3
427 321
435 323
444 330
4
439 329
443 330
461 338
476 348
4
457 339
459 340
476 351
489 365
3
480 352
487 360
499 384
5
97 406
96 405
96 399
96 390
101 384
4
96 394
98 388
103 380
111 369
5
102 385
102 383
106 376
120 360
136 343
4
107 378
109 372
119 358
140 338
5
103 380
105 377
112 369
131 351
160 330
5
113 371
115 369
128 357
171 321
205 300
5
128 353
129 351
139 343
174 323
217 304
4
185 321
188 320
220 312
258 306
5
195 314
195 313
209 307
252 305
280 305
5
231 309
233 308
253 303
306 298
343 294
4
311 297
316 297
345 297
371 301
4
331 295
336 295
367 299
404 304
4
362 300
369 300
405 307
429 316
3
418 313
431 317
451 325
4
429 318
434 322
462 335
474 344
3
442 324
465 334
481 342
2
472 341
476 350
3
104 422
107 429
122 449
5
113 441
116 441
139 457
173 479
187 485
4
138 458
161 471
183 480
194 484
4
130 458
141 465
167 477
203 486
5
152 456
152 460
161 467
182 478
212 492
5
189 482
191 482
202 489
224 496
249 498
3
227 494
243 500
269 507
3
271 501
275 501
297 503
5
246 502
249 502
269 503
296 505
327 501
4
264 501
290 508
329 510
358 500
4
225 491
230 491
245 494
275 497
3
282 504
293 502
330 495
3
339 501
349 499
376 494
4
366 499
368 498
387 496
421 486
4
413 487
417 485
433 478
450 469
4
415 485
428 481
447 470
474 454
