600 800
32
26
151 332
155 329
159 327
163 324
169 323
173 320
178 319
183 317
190 315
193 312
200 312
206 311
212 309
218 308
225 307
230 305
235 304
241 303
247 301
253 301
259 301
264 303
271 303
276 301
281 300
289 300
23
254 306
255 306
261 306
268 306
274 304
279 303
287 303
292 302
298 300
305 300
311 300
316 301
323 301
330 301
337 303
343 303
350 301
355 303
359 305
365 308
370 309
378 312
385 314
13
371 307
374 307
379 308
384 309
389 312
393 314
398 316
404 316
411 316
416 318
421 322
425 325
432 328
17
407 310
409 312
414 316
420 318
423 321
427 324
432 326
438 329
443 330
448 331
453 334
459 337
462 339
466 343
472 346
476 351
481 355
17
468 339
468 340
472 344
477 349
481 353
484 359
487 362
491 369
493 374
496 378
499 383
500 390
500 397
500 403
499 409
498 415
493 419
18
435 472
440 471
446 468
452 467
455 465
461 462
466 458
471 454
477 449
482 444
485 440
488 436
491 434
493 428
495 424
498 419
504 409
505 403
10
358 497
359 496
365 495
369 491
374 489
380 487
385 484
395 481
399 479
405 479
9
364 495
363 493
369 492
378 492
382 488
389 485
394 484
399 483
406 480
13
380 494
384 494
390 491
396 488
400 486
407 483
412 482
419 480
425 477
431 476
435 474
443 469
450 467
20
273 497
274 498
279 500
284 501
290 502
295 503
301 503
308 503
315 503
321 503
328 503
333 502
338 501
344 500
349 498
358 497
365 496
372 494
381 494
390 491
14
205 487
209 489
213 492
218 493
225 495
231 495
238 495
244 496
249 497
254 498
260 500
269 498
278 497
279 497
17
123 450
127 452
131 455
136 458
141 460
145 463
150 464
155 467
161 468
167 471
172 472
176 475
182 477
187 480
192 483
200 484
210 485
15
155 468
156 468
162 471
164 475
169 477
174 479
178 481
185 484
190 485
197 488
204 488
211 488
218 488
228 490
237 490
16
105 388
105 383
108 378
112 374
114 369
117 365
120 360
123 357
126 352
130 349
136 342
140 338
147 335
152 331
157 329
162 325
19
114 367
112 370
110 375
107 379
104 384
102 389
99 395
100 400
100 406
103 411
106 415
110 422
112 426
114 431
115 436
118 440
120 444
123 448
127 452
20
127 449
123 449
121 445
118 442
114 439
112 435
109 431
105 429
104 424
101 418
100 413
100 406
99 401
97 396
100 390
103 387
107 383
110 373
123 357
131 353
15
146 336
152 333
158 332
163 328
168 325
172 321
178 319
183 316
188 315
198 312
205 310
214 310
222 310
233 307
244 304
20
186 322
186 321
192 321
199 319
209 316
215 315
222 312
226 310
232 309
237 307
242 306
247 305
254 303
263 303
270 301
277 301
284 299
291 299
301 298
309 298
15
264 304
269 304
275 304
282 304
288 304
295 304
303 304
314 302
324 301
334 301
341 301
349 301
356 302
363 304
369 304
20
297 302
299 300
305 300
312 299
318 299
324 300
330 302
336 303
343 303
351 305
358 305
366 305
373 306
381 307
386 310
393 311
399 315
407 317
415 320
419 322
10
394 483
394 482
399 481
404 479
412 478
419 475
426 471
433 468
440 465
445 461
10
416 482
421 478
430 475
435 471
442 467
450 464
457 460
464 458
469 454
478 446
9
423 481
424 480
429 479
435 476
441 473
445 469
453 467
462 459
470 449
16
460 469
464 465
470 458
474 454
477 449
478 444
481 439
485 436
487 431
491 427
494 423
495 418
501 412
502 407
502 399
499 392
6
231 493
232 491
238 493
246 493
253 493
258 497
14
238 493
240 493
247 494
255 495
261 495
270 495
275 498
283 498
288 499
295 499
302 499
309 499
318 496
326 495
12
301 501
306 500
314 499
322 496
328 496
334 495
340 495
347 496
354 496
359 495
369 493
382 488
8
115 432
116 435
120 441
124 446
127 450
132 453
137 457
141 461
8
119 437
119 437
124 443
126 448
132 451
136 455
145 458
151 463
12
107 384
107 382
107 376
110 372
115 366
119 362
124 359
134 352
141 348
146 341
153 339
159 334
13
114 362
114 361
118 357
121 355
126 351
132 348
138 343
145 339
156 333
161 329
166 326
174 325
183 320
3
172 328
174 327
185 321
