600 800
1
87
67 475
69 470
72 465
76 462
79 460
85 456
89 454
93 453
97 451
102 449
106 448
111 447
115 445
119 441
124 438
128 435
131 432
135 429
139 427
143 426
148 423
153 422
158 420
162 420
166 420
171 420
176 420
180 420
185 420
189 419
194 418
197 418
202 417
206 417
210 417
215 417
219 417
224 417
229 417
233 417
238 417
245 417
251 419
254 420
258 420
262 422
267 423
271 423
275 423
281 424
285 424
291 424
296 424
301 424
306 424
310 423
315 422
319 421
322 421
326 420
330 420
335 419
341 417
346 415
351 412
354 411
358 408
363 406
367 403
372 400
377 397
381 394
385 390
388 387
393 384
395 379
399 377
402 374
404 371
409 369
414 366
418 363
421 361
424 356
426 352
427 345
431 339
