600 800
6
57
73 474
75 472
78 469
82 467
86 464
90 461
94 458
97 456
100 453
106 450
110 446
114 444
119 440
129 433
134 429
144 424
150 422
158 419
165 416
170 416
175 414
179 414
183 414
190 414
195 414
201 414
207 414
210 414
215 416
218 416
223 417
228 419
233 419
238 420
243 421
249 422
256 422
265 424
277 425
287 425
293 425
299 424
305 423
312 423
319 420
326 419
338 414
350 411
360 408
369 405
380 401
388 395
394 392
400 388
404 384
409 380
411 376
44
93 481
92 480
98 473
110 465
117 461
124 458
132 454
136 452
141 450
150 446
161 442
169 440
178 438
185 437
192 434
197 433
208 430
215 430
221 430
229 428
238 427
242 427
248 426
259 426
266 426
274 426
285 426
297 429
305 429
315 429
324 429
329 429
337 429
346 427
354 425
360 424
365 421
372 419
379 414
388 411
396 405
403 398
415 387
422 379
11
111 452
118 452
132 449
144 445
153 445
168 442
180 441
195 438
222 436
240 436
255 436
28
83 486
83 486
90 481
96 475
103 471
109 467
118 462
122 459
126 456
131 452
138 446
146 442
156 436
168 434
180 430
190 427
194 427
201 425
214 424
223 424
228 424
235 425
245 427
257 427
268 427
274 429
281 430
296 432
24
245 438
253 439
267 440
280 440
294 440
307 440
321 436
329 434
338 431
349 427
359 423
365 420
373 417
378 414
384 412
389 407
396 403
401 398
407 392
412 384
416 377
420 373
425 369
429 366
29
427 354
428 355
418 367
401 380
388 387
379 389
372 392
366 395
358 401
351 407
346 411
337 418
329 423
323 426
314 429
308 430
299 433
290 435
277 439
265 439
255 439
248 440
241 440
231 441
223 442
217 442
206 442
194 442
172 444
